(kicad_pcb (version 20171130) (host pcbnew 5.0.2-bee76a0~70~ubuntu18.04.1)

  (general
    (thickness 1.6)
    (drawings 2)
    (tracks 45)
    (zones 0)
    (modules 10)
    (nets 4)
  )

  (page A4)
  (layers
    (0 F.Cu signal hide)
    (31 B.Cu signal)
    (32 B.Adhes user)
    (33 F.Adhes user)
    (34 B.Paste user)
    (35 F.Paste user)
    (36 B.SilkS user)
    (37 F.SilkS user)
    (38 B.Mask user)
    (39 F.Mask user)
    (40 Dwgs.User user)
    (41 Cmts.User user)
    (42 Eco1.User user)
    (43 Eco2.User user)
    (44 Edge.Cuts user)
    (45 Margin user)
    (46 B.CrtYd user)
    (47 F.CrtYd user)
    (48 B.Fab user)
    (49 F.Fab user)
  )

  (setup
    (last_trace_width 1.04)
    (trace_clearance 0.15)
    (zone_clearance 0.508)
    (zone_45_only no)
    (trace_min 0.2)
    (segment_width 0.2)
    (edge_width 0.2)
    (via_size 0.8)
    (via_drill 0.4)
    (via_min_size 0.4)
    (via_min_drill 0.3)
    (uvia_size 0.3)
    (uvia_drill 0.1)
    (uvias_allowed no)
    (uvia_min_size 0.2)
    (uvia_min_drill 0.1)
    (pcb_text_width 0.3)
    (pcb_text_size 1.5 1.5)
    (mod_edge_width 0.15)
    (mod_text_size 1 1)
    (mod_text_width 0.15)
    (pad_size 6 6)
    (pad_drill 0)
    (pad_to_mask_clearance 0.051)
    (solder_mask_min_width 0.25)
    (aux_axis_origin 0 0)
    (visible_elements FFFFFF7F)
    (pcbplotparams
      (layerselection 0x010fc_ffffffff)
      (usegerberextensions false)
      (usegerberattributes false)
      (usegerberadvancedattributes false)
      (creategerberjobfile false)
      (excludeedgelayer true)
      (linewidth 0.100000)
      (plotframeref false)
      (viasonmask false)
      (mode 1)
      (useauxorigin false)
      (hpglpennumber 1)
      (hpglpenspeed 20)
      (hpglpendiameter 15.000000)
      (psnegative false)
      (psa4output false)
      (plotreference true)
      (plotvalue true)
      (plotinvisibletext false)
      (padsonsilk false)
      (subtractmaskfromsilk false)
      (outputformat 1)
      (mirror false)
      (drillshape 1)
      (scaleselection 1)
      (outputdirectory ""))
  )

  (net 0 "")
  (net 1 /DC+IN)
  (net 2 /DC-)
  (net 3 /DC+PRO)

  (net_class Default "This is the default net class."
    (clearance 0.15)
    (trace_width 1.04)
    (via_dia 0.8)
    (via_drill 0.4)
    (uvia_dia 0.3)
    (uvia_drill 0.1)
    (add_net /DC+IN)
    (add_net /DC+PRO)
    (add_net /DC-)
  )

  (module TestPoint:TestPoint_Plated_Hole_D2.0mm (layer F.Cu) (tedit 5DFB023C) (tstamp 5E148F84)
    (at 68 90.5)
    (descr "Plated Hole as test Point, diameter 2.0mm")
    (tags "test point plated hole")
    (path /5DFB240D)
    (attr virtual)
    (fp_text reference J1 (at 0 -2.498) (layer F.SilkS) hide
      (effects (font (size 1 1) (thickness 0.15)))
    )
    (fp_text value 105-1102-001 (at 0 2.45) (layer F.Fab)
      (effects (font (size 1 1) (thickness 0.15)))
    )
    (fp_text user %R (at 0 -2.5) (layer F.Fab)
      (effects (font (size 1 1) (thickness 0.15)))
    )
    (fp_circle (center 0 0) (end 1.8 0) (layer F.CrtYd) (width 0.05))
    (fp_circle (center 0 0) (end 0 -1.7) (layer F.SilkS) (width 0.12))
    (pad 1 smd circle (at 0 0) (size 6 6) (layers F.Cu F.Paste F.Mask)
      (net 1 /DC+IN))
  )

  (module TestPoint:TestPoint_Plated_Hole_D2.0mm (layer F.Cu) (tedit 5DFB0226) (tstamp 5E148F94)
    (at 68 90.5)
    (descr "Plated Hole as test Point, diameter 2.0mm")
    (tags "test point plated hole")
    (path /5DFB25EC)
    (attr virtual)
    (fp_text reference J3 (at 0 -2.498) (layer B.SilkS) hide
      (effects (font (size 1 1) (thickness 0.15)) (justify mirror))
    )
    (fp_text value 105-1102-001 (at 0 2.45) (layer F.Fab)
      (effects (font (size 1 1) (thickness 0.15)))
    )
    (fp_text user %R (at 0 -2.5) (layer F.Fab)
      (effects (font (size 1 1) (thickness 0.15)))
    )
    (fp_circle (center 0 0) (end 1.8 0) (layer F.CrtYd) (width 0.05))
    (fp_circle (center 0 0) (end 0 -1.7) (layer F.SilkS) (width 0.12))
    (pad 1 smd circle (at 0 0) (size 6 6) (layers B.Cu F.Paste F.Mask)
      (net 3 /DC+PRO))
  )

  (module Package_TO_SOT_SMD:SOT-23 (layer F.Cu) (tedit 5A02FF57) (tstamp 5E149037)
    (at 73.5 90.45 180)
    (descr "SOT-23, Standard")
    (tags SOT-23)
    (path /5DFB1D0A)
    (attr smd)
    (fp_text reference Q1 (at 0 -2.5 180) (layer F.SilkS)
      (effects (font (size 1 1) (thickness 0.15)))
    )
    (fp_text value AO3401A (at 0 2.5 180) (layer F.Fab)
      (effects (font (size 1 1) (thickness 0.15)))
    )
    (fp_text user %R (at 0 0 270) (layer F.Fab)
      (effects (font (size 0.5 0.5) (thickness 0.075)))
    )
    (fp_line (start -0.7 -0.95) (end -0.7 1.5) (layer F.Fab) (width 0.1))
    (fp_line (start -0.15 -1.52) (end 0.7 -1.52) (layer F.Fab) (width 0.1))
    (fp_line (start -0.7 -0.95) (end -0.15 -1.52) (layer F.Fab) (width 0.1))
    (fp_line (start 0.7 -1.52) (end 0.7 1.52) (layer F.Fab) (width 0.1))
    (fp_line (start -0.7 1.52) (end 0.7 1.52) (layer F.Fab) (width 0.1))
    (fp_line (start 0.76 1.58) (end 0.76 0.65) (layer F.SilkS) (width 0.12))
    (fp_line (start 0.76 -1.58) (end 0.76 -0.65) (layer F.SilkS) (width 0.12))
    (fp_line (start -1.7 -1.75) (end 1.7 -1.75) (layer F.CrtYd) (width 0.05))
    (fp_line (start 1.7 -1.75) (end 1.7 1.75) (layer F.CrtYd) (width 0.05))
    (fp_line (start 1.7 1.75) (end -1.7 1.75) (layer F.CrtYd) (width 0.05))
    (fp_line (start -1.7 1.75) (end -1.7 -1.75) (layer F.CrtYd) (width 0.05))
    (fp_line (start 0.76 -1.58) (end -1.4 -1.58) (layer F.SilkS) (width 0.12))
    (fp_line (start 0.76 1.58) (end -0.7 1.58) (layer F.SilkS) (width 0.12))
    (pad 1 smd rect (at -1 -0.95 180) (size 0.9 0.8) (layers F.Cu F.Paste F.Mask)
      (net 2 /DC-))
    (pad 2 smd rect (at -1 0.95 180) (size 0.9 0.8) (layers F.Cu F.Paste F.Mask)
      (net 3 /DC+PRO))
    (pad 3 smd rect (at 1 0 180) (size 0.9 0.8) (layers F.Cu F.Paste F.Mask)
      (net 1 /DC+IN))
    (model ${KISYS3DMOD}/Package_TO_SOT_SMD.3dshapes/SOT-23.wrl
      (at (xyz 0 0 0))
      (scale (xyz 1 1 1))
      (rotate (xyz 0 0 0))
    )
  )

  (module Package_TO_SOT_SMD:SOT-23 (layer F.Cu) (tedit 5A02FF57) (tstamp 5E14904C)
    (at 62.5 90.55)
    (descr "SOT-23, Standard")
    (tags SOT-23)
    (path /5DFB1DD8)
    (attr smd)
    (fp_text reference Q2 (at 0 -2.5) (layer F.SilkS)
      (effects (font (size 1 1) (thickness 0.15)))
    )
    (fp_text value AO3401A (at 0 2.5) (layer F.Fab)
      (effects (font (size 1 1) (thickness 0.15)))
    )
    (fp_line (start 0.76 1.58) (end -0.7 1.58) (layer F.SilkS) (width 0.12))
    (fp_line (start 0.76 -1.58) (end -1.4 -1.58) (layer F.SilkS) (width 0.12))
    (fp_line (start -1.7 1.75) (end -1.7 -1.75) (layer F.CrtYd) (width 0.05))
    (fp_line (start 1.7 1.75) (end -1.7 1.75) (layer F.CrtYd) (width 0.05))
    (fp_line (start 1.7 -1.75) (end 1.7 1.75) (layer F.CrtYd) (width 0.05))
    (fp_line (start -1.7 -1.75) (end 1.7 -1.75) (layer F.CrtYd) (width 0.05))
    (fp_line (start 0.76 -1.58) (end 0.76 -0.65) (layer F.SilkS) (width 0.12))
    (fp_line (start 0.76 1.58) (end 0.76 0.65) (layer F.SilkS) (width 0.12))
    (fp_line (start -0.7 1.52) (end 0.7 1.52) (layer F.Fab) (width 0.1))
    (fp_line (start 0.7 -1.52) (end 0.7 1.52) (layer F.Fab) (width 0.1))
    (fp_line (start -0.7 -0.95) (end -0.15 -1.52) (layer F.Fab) (width 0.1))
    (fp_line (start -0.15 -1.52) (end 0.7 -1.52) (layer F.Fab) (width 0.1))
    (fp_line (start -0.7 -0.95) (end -0.7 1.5) (layer F.Fab) (width 0.1))
    (fp_text user %R (at 0 0 90) (layer F.Fab)
      (effects (font (size 0.5 0.5) (thickness 0.075)))
    )
    (pad 3 smd rect (at 1 0) (size 0.9 0.8) (layers F.Cu F.Paste F.Mask)
      (net 1 /DC+IN))
    (pad 2 smd rect (at -1 0.95) (size 0.9 0.8) (layers F.Cu F.Paste F.Mask)
      (net 3 /DC+PRO))
    (pad 1 smd rect (at -1 -0.95) (size 0.9 0.8) (layers F.Cu F.Paste F.Mask)
      (net 2 /DC-))
    (model ${KISYS3DMOD}/Package_TO_SOT_SMD.3dshapes/SOT-23.wrl
      (at (xyz 0 0 0))
      (scale (xyz 1 1 1))
      (rotate (xyz 0 0 0))
    )
  )

  (module Package_TO_SOT_SMD:SOT-23 (layer F.Cu) (tedit 5A02FF57) (tstamp 5E149061)
    (at 67.95 85 270)
    (descr "SOT-23, Standard")
    (tags SOT-23)
    (path /5DFB1F0A)
    (attr smd)
    (fp_text reference Q3 (at 0 -2.5 270) (layer F.SilkS)
      (effects (font (size 1 1) (thickness 0.15)))
    )
    (fp_text value AO3401A (at 0 2.5 270) (layer F.Fab)
      (effects (font (size 1 1) (thickness 0.15)))
    )
    (fp_text user %R (at 0 0) (layer F.Fab)
      (effects (font (size 0.5 0.5) (thickness 0.075)))
    )
    (fp_line (start -0.7 -0.95) (end -0.7 1.5) (layer F.Fab) (width 0.1))
    (fp_line (start -0.15 -1.52) (end 0.7 -1.52) (layer F.Fab) (width 0.1))
    (fp_line (start -0.7 -0.95) (end -0.15 -1.52) (layer F.Fab) (width 0.1))
    (fp_line (start 0.7 -1.52) (end 0.7 1.52) (layer F.Fab) (width 0.1))
    (fp_line (start -0.7 1.52) (end 0.7 1.52) (layer F.Fab) (width 0.1))
    (fp_line (start 0.76 1.58) (end 0.76 0.65) (layer F.SilkS) (width 0.12))
    (fp_line (start 0.76 -1.58) (end 0.76 -0.65) (layer F.SilkS) (width 0.12))
    (fp_line (start -1.7 -1.75) (end 1.7 -1.75) (layer F.CrtYd) (width 0.05))
    (fp_line (start 1.7 -1.75) (end 1.7 1.75) (layer F.CrtYd) (width 0.05))
    (fp_line (start 1.7 1.75) (end -1.7 1.75) (layer F.CrtYd) (width 0.05))
    (fp_line (start -1.7 1.75) (end -1.7 -1.75) (layer F.CrtYd) (width 0.05))
    (fp_line (start 0.76 -1.58) (end -1.4 -1.58) (layer F.SilkS) (width 0.12))
    (fp_line (start 0.76 1.58) (end -0.7 1.58) (layer F.SilkS) (width 0.12))
    (pad 1 smd rect (at -1 -0.95 270) (size 0.9 0.8) (layers F.Cu F.Paste F.Mask)
      (net 2 /DC-))
    (pad 2 smd rect (at -1 0.95 270) (size 0.9 0.8) (layers F.Cu F.Paste F.Mask)
      (net 3 /DC+PRO))
    (pad 3 smd rect (at 1 0 270) (size 0.9 0.8) (layers F.Cu F.Paste F.Mask)
      (net 1 /DC+IN))
    (model ${KISYS3DMOD}/Package_TO_SOT_SMD.3dshapes/SOT-23.wrl
      (at (xyz 0 0 0))
      (scale (xyz 1 1 1))
      (rotate (xyz 0 0 0))
    )
  )

  (module Package_TO_SOT_SMD:SOT-23 (layer F.Cu) (tedit 5A02FF57) (tstamp 5E149076)
    (at 68 96 90)
    (descr "SOT-23, Standard")
    (tags SOT-23)
    (path /5DFB1FF0)
    (attr smd)
    (fp_text reference Q4 (at 0 -2.5 90) (layer F.SilkS)
      (effects (font (size 1 1) (thickness 0.15)))
    )
    (fp_text value AO3401A (at 0 2.5 90) (layer F.Fab)
      (effects (font (size 1 1) (thickness 0.15)))
    )
    (fp_line (start 0.76 1.58) (end -0.7 1.58) (layer F.SilkS) (width 0.12))
    (fp_line (start 0.76 -1.58) (end -1.4 -1.58) (layer F.SilkS) (width 0.12))
    (fp_line (start -1.7 1.75) (end -1.7 -1.75) (layer F.CrtYd) (width 0.05))
    (fp_line (start 1.7 1.75) (end -1.7 1.75) (layer F.CrtYd) (width 0.05))
    (fp_line (start 1.7 -1.75) (end 1.7 1.75) (layer F.CrtYd) (width 0.05))
    (fp_line (start -1.7 -1.75) (end 1.7 -1.75) (layer F.CrtYd) (width 0.05))
    (fp_line (start 0.76 -1.58) (end 0.76 -0.65) (layer F.SilkS) (width 0.12))
    (fp_line (start 0.76 1.58) (end 0.76 0.65) (layer F.SilkS) (width 0.12))
    (fp_line (start -0.7 1.52) (end 0.7 1.52) (layer F.Fab) (width 0.1))
    (fp_line (start 0.7 -1.52) (end 0.7 1.52) (layer F.Fab) (width 0.1))
    (fp_line (start -0.7 -0.95) (end -0.15 -1.52) (layer F.Fab) (width 0.1))
    (fp_line (start -0.15 -1.52) (end 0.7 -1.52) (layer F.Fab) (width 0.1))
    (fp_line (start -0.7 -0.95) (end -0.7 1.5) (layer F.Fab) (width 0.1))
    (fp_text user %R (at 0 0 180) (layer F.Fab)
      (effects (font (size 0.5 0.5) (thickness 0.075)))
    )
    (pad 3 smd rect (at 1 0 90) (size 0.9 0.8) (layers F.Cu F.Paste F.Mask)
      (net 1 /DC+IN))
    (pad 2 smd rect (at -1 0.95 90) (size 0.9 0.8) (layers F.Cu F.Paste F.Mask)
      (net 3 /DC+PRO))
    (pad 1 smd rect (at -1 -0.95 90) (size 0.9 0.8) (layers F.Cu F.Paste F.Mask)
      (net 2 /DC-))
    (model ${KISYS3DMOD}/Package_TO_SOT_SMD.3dshapes/SOT-23.wrl
      (at (xyz 0 0 0))
      (scale (xyz 1 1 1))
      (rotate (xyz 0 0 0))
    )
  )

  (module TestPoint:TestPoint_Plated_Hole_D2.0mm (layer F.Cu) (tedit 5A0F774F) (tstamp 5E1495A4)
    (at 63.5 86)
    (descr "Plated Hole as test Point, diameter 2.0mm")
    (tags "test point plated hole")
    (path /5DFB292C)
    (attr virtual)
    (fp_text reference J4 (at 0 -2.498) (layer F.SilkS)
      (effects (font (size 1 1) (thickness 0.15)))
    )
    (fp_text value 105-1102-001 (at 0 2.45) (layer F.Fab)
      (effects (font (size 1 1) (thickness 0.15)))
    )
    (fp_text user %R (at 0 -2.5) (layer F.Fab)
      (effects (font (size 1 1) (thickness 0.15)))
    )
    (fp_circle (center 0 0) (end 1.8 0) (layer F.CrtYd) (width 0.05))
    (fp_circle (center 0 0) (end 0 -1.7) (layer F.SilkS) (width 0.12))
    (pad 1 thru_hole circle (at 0 0) (size 3 3) (drill 2) (layers *.Cu *.Mask)
      (net 2 /DC-))
  )

  (module TestPoint:TestPoint_Plated_Hole_D2.0mm (layer F.Cu) (tedit 5A0F774F) (tstamp 5E1495AC)
    (at 72.5 86)
    (descr "Plated Hole as test Point, diameter 2.0mm")
    (tags "test point plated hole")
    (path /5DFB29A4)
    (attr virtual)
    (fp_text reference J5 (at 0 -2.498) (layer F.SilkS)
      (effects (font (size 1 1) (thickness 0.15)))
    )
    (fp_text value 105-1102-001 (at 0 2.45) (layer F.Fab)
      (effects (font (size 1 1) (thickness 0.15)))
    )
    (fp_circle (center 0 0) (end 0 -1.7) (layer F.SilkS) (width 0.12))
    (fp_circle (center 0 0) (end 1.8 0) (layer F.CrtYd) (width 0.05))
    (fp_text user %R (at 0 -2.5) (layer F.Fab)
      (effects (font (size 1 1) (thickness 0.15)))
    )
    (pad 1 thru_hole circle (at 0 0) (size 3 3) (drill 2) (layers *.Cu *.Mask)
      (net 2 /DC-))
  )

  (module TestPoint:TestPoint_Plated_Hole_D2.0mm (layer F.Cu) (tedit 5A0F774F) (tstamp 5E1496DB)
    (at 63.5 95)
    (descr "Plated Hole as test Point, diameter 2.0mm")
    (tags "test point plated hole")
    (path /5DFB2517)
    (attr virtual)
    (fp_text reference J2 (at 0 -2.498) (layer F.SilkS)
      (effects (font (size 1 1) (thickness 0.15)))
    )
    (fp_text value 105-1102-001 (at 0 2.45) (layer F.Fab)
      (effects (font (size 1 1) (thickness 0.15)))
    )
    (fp_text user %R (at 0 -2.5) (layer F.Fab)
      (effects (font (size 1 1) (thickness 0.15)))
    )
    (fp_circle (center 0 0) (end 1.8 0) (layer F.CrtYd) (width 0.05))
    (fp_circle (center 0 0) (end 0 -1.7) (layer F.SilkS) (width 0.12))
    (pad 1 thru_hole circle (at 0 0) (size 3 3) (drill 2) (layers *.Cu *.Mask)
      (net 2 /DC-))
  )

  (module TestPoint:TestPoint_Plated_Hole_D2.0mm (layer F.Cu) (tedit 5A0F774F) (tstamp 5E1496E3)
    (at 72.5 95)
    (descr "Plated Hole as test Point, diameter 2.0mm")
    (tags "test point plated hole")
    (path /5DFB2CC2)
    (attr virtual)
    (fp_text reference J6 (at 0 -2.498) (layer F.SilkS)
      (effects (font (size 1 1) (thickness 0.15)))
    )
    (fp_text value 105-1102-001 (at 0 2.45) (layer F.Fab)
      (effects (font (size 1 1) (thickness 0.15)))
    )
    (fp_circle (center 0 0) (end 0 -1.7) (layer F.SilkS) (width 0.12))
    (fp_circle (center 0 0) (end 1.8 0) (layer F.CrtYd) (width 0.05))
    (fp_text user %R (at 0 -2.5) (layer F.Fab)
      (effects (font (size 1 1) (thickness 0.15)))
    )
    (pad 1 thru_hole circle (at 0 0) (size 3 3) (drill 2) (layers *.Cu *.Mask)
      (net 2 /DC-))
  )

  (gr_text "PROTECTED \nOUT" (at 67.5 96) (layer B.SilkS)
    (effects (font (size 1.5 1.5) (thickness 0.3)) (justify mirror))
  )
  (gr_circle (center 68 90.5) (end 76.558621 90.5) (layer Edge.Cuts) (width 0.2))

  (segment (start 68 90.55) (end 68 90.5) (width 1.04) (layer F.Cu) (net 1))
  (segment (start 68 95) (end 68 90.55) (width 1.04) (layer F.Cu) (net 1))
  (segment (start 68 90.55) (end 64.99 90.55) (width 1.04) (layer F.Cu) (net 1))
  (segment (start 63.5 90.55) (end 64.99 90.55) (width 1.04) (layer F.Cu) (net 1))
  (segment (start 67.95 86) (end 67.95 87.49) (width 1.04) (layer F.Cu) (net 1))
  (segment (start 68.05 90.45) (end 68 90.5) (width 1.04) (layer F.Cu) (net 1))
  (segment (start 72.5 90.45) (end 68.05 90.45) (width 1.04) (layer F.Cu) (net 1))
  (segment (start 68.05 90.45) (end 68.05 87.59) (width 1.04) (layer F.Cu) (net 1))
  (segment (start 68.05 87.59) (end 67.95 87.49) (width 1.04) (layer F.Cu) (net 1))
  (segment (start 63.5 86) (end 63.5 95) (width 1.04) (layer B.Cu) (net 2))
  (segment (start 72.5 86) (end 63.5 86) (width 1.04) (layer B.Cu) (net 2))
  (segment (start 63.5 95) (end 72.5 95) (width 1.04) (layer B.Cu) (net 2))
  (segment (start 63.5 86) (end 61.5 88) (width 1.04) (layer F.Cu) (net 2))
  (segment (start 61.5 88) (end 61.5 89.6) (width 1.04) (layer F.Cu) (net 2))
  (segment (start 63.5 95) (end 65.5 97) (width 1.04) (layer F.Cu) (net 2))
  (segment (start 65.5 97) (end 67.05 97) (width 1.04) (layer F.Cu) (net 2))
  (segment (start 72.5 86) (end 70.5 84) (width 1.04) (layer F.Cu) (net 2))
  (segment (start 70.5 84) (end 68.9 84) (width 1.04) (layer F.Cu) (net 2))
  (segment (start 72.5 95) (end 74.5 93) (width 1.04) (layer F.Cu) (net 2))
  (segment (start 74.5 93) (end 74.5 91.4) (width 1.04) (layer F.Cu) (net 2))
  (segment (start 67.6392 90.3797) (end 64.9679 93.051) (width 1.04) (layer B.Cu) (net 3))
  (segment (start 68 90.5) (end 67.8797 90.3797) (width 1.04) (layer B.Cu) (net 3))
  (segment (start 67.8797 90.3797) (end 67.6392 90.3797) (width 1.04) (layer B.Cu) (net 3))
  (segment (start 67.6392 90.3797) (end 67.6392 90.1371) (width 1.04) (layer B.Cu) (net 3))
  (segment (start 67.6392 90.1371) (end 65.2088 87.7067) (width 1.04) (layer B.Cu) (net 3))
  (segment (start 65.2088 87.7067) (end 66.275 86.6405) (width 1.04) (layer F.Cu) (net 3))
  (segment (start 66.275 86.6405) (end 66.275 84.725) (width 1.04) (layer F.Cu) (net 3))
  (segment (start 66.275 84.725) (end 67 84) (width 1.04) (layer F.Cu) (net 3))
  (segment (start 61.5 91.5) (end 62.225 92.225) (width 1.04) (layer F.Cu) (net 3))
  (segment (start 62.225 92.225) (end 64.1419 92.225) (width 1.04) (layer F.Cu) (net 3))
  (segment (start 64.1419 92.225) (end 64.9679 93.051) (width 1.04) (layer F.Cu) (net 3))
  (segment (start 70.7912 91.8976) (end 71.4132 91.8976) (width 1.04) (layer B.Cu) (net 3))
  (segment (start 71.4132 91.8976) (end 74.8667 88.4441) (width 1.04) (layer B.Cu) (net 3))
  (segment (start 68 90.5) (end 69.3976 91.8976) (width 1.04) (layer B.Cu) (net 3))
  (segment (start 69.3976 91.8976) (end 70.7912 91.8976) (width 1.04) (layer B.Cu) (net 3))
  (segment (start 70.7912 93.2932) (end 70.7912 91.8976) (width 1.04) (layer B.Cu) (net 3))
  (segment (start 74.5 89.5) (end 74.8667 89.1333) (width 1.04) (layer F.Cu) (net 3))
  (segment (start 74.8667 89.1333) (end 74.8667 88.4441) (width 1.04) (layer F.Cu) (net 3))
  (segment (start 68.95 97) (end 69.7537 96.1963) (width 1.04) (layer F.Cu) (net 3))
  (segment (start 69.7537 96.1963) (end 69.7537 94.3307) (width 1.04) (layer F.Cu) (net 3))
  (segment (start 69.7537 94.3307) (end 70.7912 93.2932) (width 1.04) (layer F.Cu) (net 3))
  (via (at 65.2088 87.7067) (size 0.8) (layers F.Cu B.Cu) (net 3))
  (via (at 64.9679 93.051) (size 0.8) (layers F.Cu B.Cu) (net 3))
  (via (at 74.8667 88.4441) (size 0.8) (layers F.Cu B.Cu) (net 3))
  (via (at 70.7912 93.2932) (size 0.8) (layers F.Cu B.Cu) (net 3))

)
